0.533555;0.226327;0.814921;-0.972105;-0.437892;0.898257;0.03723;-0.0722021;0.723582;0.376711;-0.578376;0.633626;0;0;0;1
0.00533634;-0.888829;-0.458208;0.677672;0.849794;-0.237492;0.470583;-0.607015;0.527089;0.391894;-0.754054;0.805641;0;0;0;1
0.103858;0.927812;0.358298;-0.440123;-0.962949;0.00365527;0.269658;-0.231758;-0.248883;0.373029;-0.893816;1.08146;0;0;0;1
