0.0729912;-0.90079;-0.428077;0.629173;0.919061;-0.105929;0.379612;-0.676862;0.387296;0.421137;-0.820149;0.73579;0;0;0;1
0.185825;0.956779;0.2237;-0.360246;-0.975024;0.151369;0.162528;0.0741375;-0.121642;0.248315;-0.961011;1.09506;0;0;0;1
0.927343;-0.124492;0.352898;-0.558592;0.372023;0.408565;-0.833471;0.815871;0.0404217;-0.904199;-0.425194;0.58545;0;0;0;1
0.363931;0.197164;-0.910319;0.94453;0.0982424;0.963762;0.248015;-0.468925;-0.92623;0.179692;-0.331373;0.492163;0;0;0;1
-0.966035;0.199232;-0.164567;0.504783;-0.234516;-0.408478;0.882127;-0.916158;-0.108526;-0.89076;-0.441327;0.651174;0;0;0;1
