0.948817;-0.315728;-0.00783872;0.0794271;0.310245;0.936411;-0.163956;0.104207;0.0591058;0.153133;0.986436;1.28842;0;0;0;1
0.944418;-0.0985155;0.313638;0.211484;-0.192906;-0.938594;0.286057;0.0928826;0.266197;-0.330661;-0.905429;1.31144;0;0;0;1
-0.501846;-0.780168;-0.373481;0.240896;-0.0338142;0.449157;-0.892813;0.0109968;0.864296;-0.435426;-0.251788;1.37256;0;0;0;1
