0.0690883;-0.911715;-0.404972;0.0467737;0.880807;-0.134855;0.453865;0.177308;0.468408;0.388059;-0.793728;1.13168;0;0;0;1
0.493477;0.16458;-0.854046;-0.0751929;0.089326;0.967151;0.23799;0.178055;-0.86516;0.193731;-0.462565;1.13857;0;0;0;1
-0.924972;0.213588;-0.314336;0.101939;-0.378798;-0.451479;0.807886;0.0931595;-0.0306388;-0.866341;-0.498512;1.1924;0;0;0;1
