-0.953667;0.118944;-0.276354;0.203516;0.0323941;0.953789;0.298726;0.0995076;0.299115;0.275932;-0.91345;1.30237;0;0;0;1
0.993376;-0.114309;-0.0117128;0.0829907;0.113466;0.9919;-0.0570912;0.106828;0.0181439;0.0553841;0.9983;1.28276;0;0;0;1
0.65392;0.636891;-0.408361;0.117008;-0.61334;0.762286;0.206724;0.0465679;0.442948;0.115283;0.889105;1.28671;0;0;0;1
