-0.0805935;-0.935649;-0.343607;0.519721;0.996449;-0.0840612;-0.004818;-0.0955864;0.0243761;0.342775;-0.939101;1.09519;0;0;0;1
0.149984;0.949184;0.276685;-0.342723;-0.958798;0.20793;-0.193577;0.351479;0.241271;0.236251;-0.941262;1.11098;0;0;0;1
-0.734826;-0.270483;-0.621989;0.890273;0.653457;-0.528034;-0.542378;0.622934;0.181727;0.804997;-0.564762;0.641121;0;0;0;1
