0.0321973;-0.891302;-0.452265;0.675789;0.897073;-0.173753;0.406288;-0.603894;0.440707;0.418796;-0.793969;0.937427;0;0;0;1
0.366623;-0.118729;-0.922763;1.22753;0.211733;0.976445;-0.0415125;-0.0331684;-0.905956;0.18016;-0.383126;0.464752;0;0;0;1
-0.633219;0.299867;-0.713522;1.05563;-0.773745;-0.267625;0.574192;-0.650187;0.018775;-0.915673;-0.401485;0.559369;0;0;0;1
