0.979794;-0.103953;0.170874;1.35306;-0.137549;-0.970435;0.198336;-0.134883;0.145204;-0.217831;-0.965124;-0.0859205;0;0;0;1
0.849803;-0.52428;0.0544634;1.31806;0.518429;0.812683;-0.26604;0.00620006;0.095218;0.254317;0.962422;-0.0910408;0;0;0;1
0.998998;-0.0123154;0.0430223;1.32628;-0.014664;-0.998395;0.0547082;-0.115879;0.0422795;-0.0552843;-0.997575;-0.0773592;0;0;0;1
